	8x8  Z3	8x8 Z3			12x12 Z3	12x12 Z3			16x16 Z3	16x16 Z3			20x20 Z3	20x20 Z3			24x24 Z3	24x24 Z3			
g	1st Derivative	2nd Derivative		g	1st Derivative	2nd Derivative		g	1st Derivative	2nd Derivative		g	1st Derivative	2nd Derivative		g	1st Derivative	2nd Derivative			
0	3.50029563268036	-1.90414040599916		0	3.66665927459097	-1.69249950719496		0	3.7509515797405	-1.62284813036371		0	3.79995361667348	-1.54943605777265		0	3.83281398961525	-1.50988359720804			
0.1	3.30988159208045	-2.85747011395885		0.1	3.49740932387148	-2.3803222945003		0.1	3.58866676670413	-2.14592248484933		0.1	3.64501001089621	-2.05110872309292		0.1	3.68182562989445	-1.94122451720602			
0.2	3.02413458068456	-4.03861768869889		0.2	3.25937709442145	-3.0800906518091		0.2	3.37407451821919	-2.73651133501987		0.2	3.43989913858692	-2.47783259428163		0.2	3.48770317817385	-2.40394960274122			
0.21	2.98374840379757	-4.08194604506159		0.21	3.22857618790336	-3.27556333733985		0.21	3.346709404869	-2.90362936694391		0.21	3.4151208126441	-2.66945443893412		0.21	3.46366368214644	-2.41796888497286			
0.22	2.94292894334696	-4.32699147402348		0.22	3.19582055452996	-3.53035062427228		0.22	3.31767311119956	-2.92273044916259		0.22	3.38842626825476	-2.79905141288546		0.22	3.43948399329671	-2.56845824263153			
0.23	2.89965902860672	-4.72720119784579		0.23	3.16051704828723	-3.5948159205483		0.23	3.28844580670793	-3.31278503415571		0.23	3.36043575412591	-2.9528851804535		0.23	3.41379941087039	-2.64911263432506			
0.24	2.85238701662827	-5.11968481942101		0.24	3.12456888908175	-3.97210605905155		0.24	3.25531795636637	-3.28186902448709		0.24	3.33090690232137	-3.05398201932943		0.24	3.38730828452714	-2.97851663729656			
0.25	2.80119016843406	-5.49738621852703		0.25	3.08484782849124	-4.23680088351853		0.25	3.2224992661215	-3.84835902977732		0.25	3.30036708212808	-3.33978661463688		0.25	3.35752311815418	-2.95581419957847			
0.26	2.74621630624879	-6.06445881797741		0.26	3.04247981965605	-4.85498646664392		0.26	3.18401567582373	-4.00472286446547		0.26	3.26696921598171	-3.54164900629694		0.26	3.32796497615839	-3.29698783732421			
0.27	2.68557171806901	-6.5723504774727		0.27	2.99392995498961	-4.80136167961862		0.27	3.14396844717908	-4.27199721496583		0.27	3.23155272591874	-3.80310733127229		0.27	3.29499509778515	-3.91668070384578			
0.28	2.61984821329428	-7.32426592038421		0.28	2.94591633819343	-5.57567053460615		0.28	3.10124847502942	-4.68602580445097		0.28	3.19352165260602	-4.01463028172124		0.28	3.25582829074669	-3.92818579178329			
0.29	2.54660555409044	-7.82730391000198		0.29	2.89015963284736	-6.24055918459846		0.29	3.05438821698491	-5.16448922462064		0.29	3.15337534978881	-4.392137286945		0.29	3.21654643282886	-4.05526226252468			
0.3	2.46833251499042	-9.79591597729206		0.3	2.82775404100138	-6.79722392252572		0.3	3.0027433247387	-5.67101982052452		0.3	3.10945397691936	-4.90371053293159		0.3	3.17599381020361	-4.43584537488906			
0.31	2.3703733552175	-9.96680939955015		0.31	2.75978180177612	-7.72571766852024		0.31	2.94603312653346	-6.55211963615188		0.31	3.06041687159004	-5.71231634841738		0.31	3.13163535645472	-5.14530873193453			
0.32	2.270705261222	-11.4967434000498		0.32	2.68252462509092	-9.21456176108323		0.32	2.88051193017194	-7.47967514151012		0.32	3.00329370810587	-7.1533228817846		0.32	3.08018226913538	-5.76916777934209			
0.33	2.1557378272215	-12.631148849346		0.33	2.59037900748008	-10.8570453973193		0.33	2.80571517875684	-9.49313350084591		0.33	2.93176047928802	-7.56112402977104		0.33	3.02249059134195	-7.50952325401658			
0.340000000000001	2.02942633872803	-12.8659077186795		0.340000000000001	2.48180855350689	-14.0206049178688		0.34	2.71078384374838	-10.9568466700305		0.34	2.85614923899031	-9.25928910051152		0.34	2.94739535880179	-8.47770141711356			
0.350000000000001	1.90076726154124	-13.5193704369429		0.350000000000001	2.3416025043282	-16.1491627915927		0.35	2.60121537704807	-14.1967683078966		0.35	2.7635563479852	-11.06542122705		0.35	2.86261834463065	-10.8004428416191			
0.360000000000001	1.76557355717181	-12.4638338700273		0.355	2.26085669037025	-17.091293370926		0.355	2.53023153550859	-18.3440677916959		0.355	2.70822924184994	-13.8057664470885		0.36	2.75461391621446	-14.2712851169702			
0.370000000000001	1.64093521847153	-11.5292226494182		0.360000000000001	2.1754002235156	-19.4652070934428		0.36	2.43851119655011	-19.0817610538979		0.36	2.6392004096145	-16.2413814613042		0.365	2.68325749062961	-18.1229502411052			
0.380000000000001	1.52564299197735	-10.9178684451599		0.365	2.0780741880484	-18.3656428329384		0.365	2.34310239128062	-24.9781157732788		0.365	2.55799350230798	-27.3271593130136		0.37	2.59264273942409	-35.2404524880326			
0.390000000000001	1.41646430752575	-9.2065529314603		0.370000000000001	1.98624597388369	-17.953804499369		0.37	2.21821181241423	-22.9006899249374		0.37	2.42135770574292	-29.8680646855442		0.375	2.41644047698392	-39.2926039286884			
0.400000000000002	1.32439877821114	-8.91906733198376		0.375	1.89647695138687	-17.7677144278149		0.375	2.10370836278954	-23.4816369030017		0.375	2.27201738231519	-33.4876815927694		0.38	2.21997745734049	-31.3837443459794			
0.41	1.23520810489132	-7.98212687033283		0.380000000000001	1.80763837924777	-14.7971238749526		0.38	1.98630017827454	-18.2411091775908		0.38	2.10457897435135	-23.848152350033		0.385	2.06305873561058	-25.6725661115637			
0.42	1.15538683618799	-6.71974328900983		0.385	1.73365275987303	-14.531962359611		0.385	1.89509463238658	-18.8406108291243		0.385	1.98533821260118	-20.8841851243032		0.39	1.93469590505276	-17.3731872810346			
0.43	1.08818940329789	-6.37316783721508		0.390000000000001	1.66099294807495	-13.0835004057602		0.39	1.80089157824095	-15.7459393087169		0.39	1.88091728697966	-16.6060953549299		0.4	1.76096403224241	-14.0599674433231			
0.44	1.02445772492574	-6.023378293035		0.400000000000002	1.53015794401735	-10.2773656884809		0.4	1.64343218515379	-11.7476566339727		0.4	1.71485633343037	-13.3411074434413		0.41	1.62036435780918	-11.7735740178285			
0.45	0.964223941995392	-5.20018026677399		0.42	1.32461063024775	-8.04550637503951		0.41	1.52595561881406	-11.227087654903		0.41	1.58144525899595	-11.3866808992498		0.42	1.5026286176309	-10.5586908512644			
0.46	0.912222139327652	-4.8458103156317		0.439999999999998	1.16370050274697	-6.76908408486286		0.42	1.41368474226503	-9.37990551777447		0.42	1.46757845000346	-10.3051509673655		0.43	1.39704170911825	-8.91793257287749			
0.47	0.863764036171335	-4.52002887044387		0.459999999999997	1.02831882104972	-5.37812921115414		0.43	1.31988568708728	-8.54903929900267		0.43	1.3645269403298	-8.63081702074561		0.44	1.30786238338948	-8.1570858805678			
0.48	0.818563747466896	-4.07613278322185		0.479999999999995	0.920756236826647	-4.74212881353854		0.44	1.23439529409726	-7.54464048317118		0.44	1.27821877012234	-8.08821894405684		0.45	1.2262915245838	-7.17836464869834			
0.49	0.777802419634678	-3.80026736390638		0.499999999999994	0.825913660555884	-3.45289276562148		0.45	1.15894888926555	-6.96235236241462		0.45	1.19733658068178	-7.13155161771223		0.46	1.15450787809682	-6.79825177418572			
0.5	0.739799745995614	-3.05915574895642		0.55	0.653269022274788	-2.46678001182732		0.46	1.0893253656414	-5.90767450217947		0.46	1.12602106450465	-6.14780160193967		0.47	1.08652536035496	-5.80279971850636			
0.55	0.586841958547793	-2.19998747462345		0.6	0.529930021683422	-1.83555497731949		0.47	1.0302486206196	-5.69617122702512		0.47	1.06454304848526	-5.86848017738224		0.48	1.0284973631699	-5.69191197214056			
0.6	0.47684258481662	-1.61488180702448		0.65	0.438152272817448	-1.37129627542551		0.48	0.973286908349353	-5.1391485139059		0.48	1.00585824671143	-5.41296447497154		0.49	0.971578243448492	-4.87314927315158			
0.65	0.396098494465396	-1.22672871876695		0.7	0.369587459046172	-1.06281353184751		0.49	0.921895423210294	-4.60703364587141		0.49	0.951728601961719	-4.87241865445537		0.5	0.922846750716976	-3.98734818250924			
0.7	0.334762058527049	-0.986762039847997		0.75	0.316446782453796	-0.884259259259257		0.5	0.87582508675158	-4.20398471648965		0.5	0.903004415417165	-3.87699722357644		0.55	0.723479341591514	-2.76086693618051			
0.75	0.285423956534649	-0.729683818658601		0.8	0.272233819490834	-0.693138128108068		0.52	0.791745392421787	-3.46902209461941		0.55	0.709154554238343	-2.70831731477196		0.6	0.585435994782488				
0.8	0.248939765601719	-0.603453177351302		0.85	0.23757691308543	-0.546034661916424		0.55	0.687674729583205	-2.761151595191		0.6	0.573738688499745								
0.85	0.218767106734154	-0.577062148749411		0.9	0.210275179989609	-0.483452089363913		0.58	0.604840181727475	-2.40602508398015											
0.9	0.189913999296683	-0.41100166590589		0.95	0.186102575521413	-0.357387295743618		0.6	0.556719680047872	-2.03640319998379											
0.95	0.169363916001389	-0.360859634971429		1	0.168233210734232			0.62	0.515991616048196	-1.83970673152642											
1	0.151320934252817							0.65	0.460800414102403	-1.54166111609119											
								0.68	0.414550580619668	-1.31271951647125											
								0.7	0.388296190290243	-1.25526386351386											
								0.72	0.363190913019966	-1.06906173270738											
								0.75	0.331119061038744	-0.978660751431673											
								0.78	0.301759238495794	-0.779928709281121											
								0.8	0.286160664310172	-0.757348440685746											
								0.82	0.271013695496457	-0.72591363711562											
								0.85	0.249236286382988	-0.583161193972834											
								0.88	0.231741450563803	-0.599124595504337											
								0.9	0.219758958653716	-0.488185810421144											
								0.95	0.195349668132659	-0.419597249082817											
								1	0.174369805678518												
