	8x8				12x12				16x16				20x20				24x24	
	pure  Z3				pure  Z3				pure Z3				pure Z3				pure Z3	
g	energy	MCerror		g	energy	MCerror		g	energy	MCerror		g	energy	MCerror		g	energy	MCerror
0	-1.53125020185455	7.13937260688381E-7		0	-1.68046572579346	3.43281101129934E-5		0	-1.75781267772136	1.24220574728011E-6		0	-1.80499993466196	4.52899867057933E-7		0	-1.83680506350951	4.76288034545472E-7
0.1	-1.19022397401637	3.59485149462109E-6		0.1	-1.32193541184261	1.69998705555831E-5		0.1	-1.39052235654499	1.04974633449058E-5		0.1	-1.43250227014155	4.4031027410522E-6		0.1	-1.46084328627058	1.95753350738039E-6
0.2	-0.872346016019859	8.54152346125438E-6		0.2	-0.9832430042537	3.57765247977956E-5		0.2	-1.04158748749265	1.0938173652E-5		0.2	-1.07754388851325	9.23542938729596E-6		0.2	-1.10187522751825	3.17111393743498E-6
0.21	-0.842343271688737	7.4257146594511E-6		0.21	-0.950836965773601	1.92905158963759E-5		0.21	-1.00801827209367	1.04537075085781E-5		0.21	-1.04323653806315	7.38524917889281E-6		0.21	-1.06711215407995	9.83312410214727E-6
0.22	-0.812664002622053	2.39243708615248E-5		0.22	-0.918705636072715	1.52838383598208E-5		0.22	-0.974681657233581	1.71630674644533E-5		0.22	-1.00919700252689	7.29253771467349E-6		0.22	-1.03259803525456	1.14914629839381E-5
0.23	-0.783480650040086	9.02090768781151E-6		0.23	-0.886931535850167	1.40980172560933E-5		0.23	-0.941659413739582	8.74523400236946E-6		0.23	-0.975459628163759	1.13157725300452E-5		0.23	-0.998323513687457	1.3896687814844E-5
0.24	-0.754724931201332	5.21964297293546E-6		0.24	-0.855494754882885	1.15078562103852E-5		0.24	-0.908909179404071	1.61111421415603E-5		0.24	-0.941982837533349	7.72442516700123E-6		0.24	-0.964301203809407	1.51810934808895E-5
0.25	-0.72645310491387	7.59460828349344E-6		0.25	-0.824449781265835	1.50116183911109E-5		0.25	-0.876529214055787	1.85925225353765E-5		0.25	-0.908814790830378	1.1493271741501E-5		0.25	-0.930591454592022	1.65262090823173E-5
0.26	-0.69870801831487	8.08477173127591E-6		0.26	-0.79380700780049	1.71533401698266E-5		0.26	-0.844533671790916	1.24820665248971E-5		0.26	-0.875963917193208	1.1741415824637E-5		0.26	-0.897144500961135	1.15656653117303E-5
0.27	-0.671547719111104	9.59839277874774E-6		0.27	-0.763649758246517	2.31002783219536E-5		0.27	-0.812889557507226	1.54867345550593E-5		0.27	-0.843475083655842	1.06224912687458E-5		0.27	-0.864066624160797	1.74217504476855E-5
0.28	-0.645000427862487	1.1722733237324E-5		0.28	-0.733940961289961	1.83573113714339E-5		0.28	-0.781650949951112	1.92314494398584E-5		0.28	-0.811328252427329	9.59957902142831E-6		0.28	-0.831532824512318	9.54880497040401E-6
0.29	-0.61917563796361	1.3060793284311E-5		0.29	-0.70475833714233	2.17061871579633E-5		0.29	-0.750863196376136	2.56651586652434E-5		0.29	-0.779589539189555	1.15230723784446E-5		0.29	-0.799163743231045	9.73397678830906E-6
0.3	-0.594039028111195	2.25913853464587E-5		0.3	-0.676110438368179	3.56355824202501E-5		0.3	-0.720498568305937	2.06397121967115E-5		0.3	-0.748255007823472	1.72169294572337E-5		0.3	-0.767206225544559	8.20315061867261E-6
0.31	-0.569942690952278	1.31273902012529E-5		0.31	-0.648185510281006	2.48223175462904E-5		0.31	-0.690824734659613	1.59075400217857E-5		0.31	-0.717433621532968	8.21874525488692E-6		0.31	-0.735670812054593	8.12914070446823E-6
0.32	-0.546679253275467	2.24211571684528E-5		0.32	-0.620971349293401	2.59537558681292E-5		0.32	-0.661645509346463	2.59169652851019E-5		0.32	-0.68713808108168	1.44289830603619E-5		0.32	-0.704627607143313	8.64900887674357E-6
0.33	-0.524593327301724	1.1074835440058E-5		0.33	-0.594619930930219	2.75862699300069E-5		0.33	-0.633262137367962	2.40102487288175E-5		0.33	-0.657500747539306	1.58307171834633E-5		0.33	-0.674134733278939	1.36680556082918E-5
0.340000000000001	-0.503629362378006	8.47187883327928E-6		0.340000000000001	-0.569223621160623	2.43185921641888E-5		0.34	-0.605753842030661	1.24066699295186E-5		0.34	-0.628519547090044	1.73764137963156E-5		0.34	-0.644349247980157	1.40008983559169E-5
0.350000000000001	-0.483986150224489	1.22957151890121E-5		0.350000000000001	-0.545107403976412	2.32228442670139E-5		0.35	-0.579210929628664	2.04616158224772E-5		0.35	-0.600384335056179	2.47475249001059E-5		0.35	-0.615243996645389	1.73898517465873E-5
0.360000000000001	-0.465641259941989	2.1030155322099E-5		0.355	-0.533681956527193	3.33961313101008E-5		0.355	-0.56638077063264	1.70869021827621E-5		0.355	-0.58671641108711	2.27666734516194E-5		0.36	-0.58703916223527	1.93793630600046E-5
0.370000000000001	-0.448630675499379	1.58652352909022E-5		0.360000000000001	-0.522482296885479	3.09800201249341E-5		0.36	-0.553921891460299	2.19326790811353E-5		0.36	-0.573296911708486	2.97045420530218E-5		0.365	-0.573416993410763	2.5301776139422E-5
0.380000000000001	-0.432774062216457	2.64698083946168E-5		0.365	-0.51195572916498	1.80450791668291E-5		0.365	-0.542002457374543	1.46885629316836E-5		0.365	-0.560305808232261	2.6295833234406E-5		0.37	-0.560267272546621	2.13324188612341E-5
0.390000000000001	-0.418078234014931	9.71068094097536E-6		0.370000000000001	-0.501794829116349	3.38933562663804E-5		0.37	-0.530521348677059	1.86425193342893E-5		0.37	-0.547726061619014	3.14582953590055E-5		0.375	-0.548401028836804	6.07002501173345E-6
0.400000000000002	-0.404328688093754	2.37657878480153E-5		0.375	-0.492108649130115	2.38455700753106E-5		0.375	-0.519715431935433	2.34150965963089E-5		0.375	-0.536024147380748	4.15626355177863E-5		0.38	-0.535704621263215	4.60412777258128E-5
0.41	-0.391611309381726	1.62699687697435E-5		0.380000000000001	-0.482795294361382	2.46081445119619E-5		0.38	-0.509425545961393	2.10228204482121E-5		0.38	-0.52505025886575	1.93106855233885E-5		0.385	-0.525714679278316	1.86560699363864E-5
0.42	-0.379652141883142	2.7418889630104E-5		0.385	-0.473954323802955	1.49796120923145E-5		0.385	-0.499734725885141	1.60837366538556E-5		0.385	-0.514912950478043	2.62480562619023E-5		0.39	-0.514802189579927	3.08704387307409E-5
0.43	-0.368449030250748	9.14550317928025E-6		0.390000000000001	-0.465469019033237	1.4467686093761E-5		0.39	-0.490378917631254	2.57102721205224E-5		0.39	-0.50516959356553	3.12693038918932E-5		0.4	-0.496486444531194	4.00746440989159E-5
0.44	-0.357885264584881	1.74123796911723E-5		0.400000000000002	-0.449392168623684	4.09338451842111E-5		0.4	-0.473066190061002	2.69938895851247E-5		0.4	-0.487206282926817	2.2294376800703E-5		0.41	-0.479683030050528	2.97916150977248E-5
0.45	-0.347957486531179	1.04824369753494E-5		0.42	-0.420975844525951	1.99415332162936E-5		0.41	-0.457238231895042	1.43088032583625E-5		0.41	-0.470747364732304	2.51977993975023E-5		0.42	-0.46419441499055	2.98613556214593E-5
0.46	-0.33857252695132	1.07205648287329E-5		0.439999999999998	-0.396147853932323	2.61469045095516E-5		0.42	-0.442576571261487	1.0119302837632E-5		0.42	-0.455406178633315	3.76476545397324E-5		0.43	-0.449798530124167	2.68003181894923E-5
0.47	-0.329702179502804	5.27171851017553E-6		0.459999999999997	-0.374257959620745	2.215981589199E-5		0.43	-0.42892253576499	1.25794568977426E-5		0.43	-0.441374948947463	2.71361750605878E-5		0.44	-0.436303705729072	1.52672569152422E-5
0.48	-0.321281556205137	1.64790158314771E-5		0.479999999999995	-0.354791588110926	4.24260150219877E-5		0.44	-0.416153299009836	6.59199750694057E-6		0.44	-0.428117659553367	2.40126291625699E-5		0.45	-0.423714228692185	1.31907343842745E-5
0.49	-0.313305993034142	1.09003728867126E-5		0.499999999999994	-0.337290074134971	3.86886891514465E-5		0.45	-0.404182966061963	1.11705958127801E-5		0.45	-0.415821532483119	1.51814557071337E-5		0.46	-0.411824290476801	2.27331798324411E-5
0.5	-0.305715800506871	1.37911253173066E-5		0.55	-0.300549203806401	2.89404394881084E-5		0.46	-0.392932718871138	7.64026124521121E-6		0.46	-0.404211874689086	1.83708498213399E-5		0.47	-0.400654968596123	1.62507635932859E-5
0.55	-0.272781700187043	1.9809301110122E-5		0.6	-0.271171207231271	4.14941107736484E-5		0.47	-0.382345619479117	7.43123226795124E-6		0.47	-0.393261470971662	1.83905527045964E-5		0.48	-0.390097011540453	1.46064843964428E-5
0.6	-0.246339695766614	6.89763529237985E-6		0.65	-0.2471267928825	1.29945409730464E-5		0.48	-0.372315976298066	1.23796812123165E-5		0.48	-0.382912186732605	1.69224455506787E-5		0.49	-0.38012324433542	2.02889539175738E-5
0.65	-0.224603278719478	1.28680133409532E-5		0.7	-0.226994187387263	1.4870443340113E-5		0.49	-0.362848820622904	1.10875309660666E-5		0.49	-0.373156272590926	1.21814662576488E-5		0.5	-0.37065637176069	1.70007976106475E-5
0.7	-0.206408174770754	1.02095676318843E-5		0.75	-0.209936682932446	1.17851655262935E-5		0.5	-0.353808248836164	1.48758607574295E-5		0.5	-0.363880608852231	1.66231702768375E-5		0.55	-0.329856202999371	7.56048533939461E-6
0.75	-0.190952437561283	7.17463195847206E-6		0.8	-0.195260340573677	8.71535143589004E-6		0.52	-0.337199590153583	1.28141855195774E-5		0.55	-0.323925158433654	1.09711057225864E-5		0.6	-0.297357071598792	5.74490040226099E-6
0.8	-0.17765013594962	4.40355085497083E-6		0.85	-0.182503993981463	1.06083641930501E-5		0.55	-0.31507019455273	1.27800259807282E-5		0.6	-0.292042129465988	7.56159832454624E-6				
0.85	-0.166088665441141	9.5519313256285E-6		0.9	-0.171333516709863	9.83952732143456E-6		0.58	-0.295746699028212	8.2723111037896E-6								
0.9	-0.155944171575456	9.49439388577332E-6		0.95	-0.161449915851077	1.2827916736682E-5		0.6	-0.284129987984085	7.62560324167264E-6								
0.95	-0.146962324924913	5.7094921050155E-6		1	-0.152637222481172	4.69266844332205E-5		0.62	-0.273435101266262	1.04673321334396E-5								
1	-0.138968844440773	8.03807213772622E-6						0.65	-0.25882045434178	8.13492147632907E-6								
								0.68	-0.24571571779024	7.48460754889701E-6								
								0.7	-0.23769758006633	7.0874192066162E-6								
								0.72	-0.230189873934433	7.51373367540083E-6								
								0.75	-0.219784033933682	9.14828768975566E-6								
								0.78	-0.210291792318619	5.79883486032781E-6								
								0.8	-0.204401570534673	5.31976369224352E-6								
								0.82	-0.198836564275569	6.00848512022383E-6								
								0.85	-0.191038021958838	5.29095821541565E-6								
								0.88	-0.183833399882542	6.1280918027744E-6								
								0.9	-0.179322791689313	2.20289334751699E-6								
								0.95	-0.1689629957389	2.5200576319495E-6								
								1	-0.15973704540159	7.99778404430031E-6								
