Fig3-a	--	--	--	--	--	--	--	--	--	--	--	--	--	--	--																
g=0.4	odd -Z2-32x32	Plaquette	--	--	--	--	--	--	--	--	--	--	--	--	--	--	--	--	--	--	--	--	--	--	--	--	--	--	--	--	--
--	1	2	3	4	5	6	7	8	9	10	11	12	13	14	15	16	17	18	19	20	21	22	23	24	25	26	27	28	29	30	31
1	1.9388301435	1.787404674625	1.8693634305	1.84261222575	1.853584026	1.848494242125	1.851075927875	1.84896968975	1.853017270375	1.850658844875	1.849700575125	1.850836533375	1.849932882625	1.851315413375	1.85014584975	1.848142629375	1.849134441875	1.848673169	1.851087567	1.852280161375	1.85539063625	1.853543184375	1.8531967195	1.852970866	1.850993692	1.85033855675	1.853764715375	1.840607929375	1.867063223	1.787083779125	1.937822034
2	1.78897235075	1.76713156625	1.81926777	1.815525470125	1.823809254375	1.82577948675	1.8275288475	1.822893225625	1.826924635	1.82468845175	1.82414493175	1.826360082125	1.8257368175	1.828684183125	1.82701813425	1.82459274575	1.822224380875	1.825662145625	1.823907791125	1.829153922375	1.82693699975	1.824469486	1.828749763	1.830964251125	1.822950933	1.824157812875	1.82351531725	1.81931265275	1.818946490375	1.7662484115	1.785143736125
3	1.867857761875	1.821126009	1.862241591375	1.8520191595	1.85413799225	1.85339995825	1.856642550625	1.85351804075	1.85829109475	1.858728358125	1.860185816	1.855872848	1.856825850375	1.855896936125	1.85841655525	1.858406503	1.856412855875	1.858309932625	1.856112081	1.86095717775	1.856765459125	1.851769753125	1.855458703	1.862197904875	1.857350307625	1.858980963375	1.8607502185	1.855841404	1.86140730725	1.824185507125	1.86677104175
4	1.842321830625	1.819827597	1.85274989425	1.8494800965	1.85059393825	1.853466922125	1.8511682725	1.8528663095	1.86003204875	1.856089557125	1.86013112625	1.856698796375	1.857424621375	1.854399226375	1.860268049	1.85579228725	1.855109719	1.857278399125	1.856588394625	1.857321600625	1.85322196925	1.851937979875	1.85314564525	1.857397859	1.854859491125	1.8537299885	1.85559728325	1.85301644825	1.84678787625	1.813462198375	1.83619011575
5	1.85450841475	1.8217057505	1.853182101375	1.854610437125	1.853865003375	1.85598250125	1.854352217125	1.855173159	1.855078163625	1.852516638125	1.860456327125	1.854704218125	1.857614066125	1.857058907375	1.859682869	1.857609980375	1.85793244375	1.85682678625	1.8550550155	1.855968923375	1.857840142125	1.855873930375	1.854231042375	1.85881054975	1.8588252925	1.852278135125	1.856422475125	1.858475219	1.859775453375	1.824044604875	1.851111986625
6	1.851735411375	1.826117518375	1.852373622875	1.8546168385	1.85716732825	1.856463959875	1.858624453625	1.85714894575	1.856387132625	1.855805292875	1.8554613195	1.8578238105	1.85874179075	1.857159496375	1.855112988125	1.856502249625	1.85302281775	1.85562202275	1.856993553	1.856504216125	1.862006089625	1.855968173375	1.856559784125	1.86239667625	1.859359971	1.85610371275	1.852497426875	1.85302941225	1.857318672625	1.825130709875	1.84829569875
7	1.851082341875	1.828148140875	1.855137242625	1.857573998875	1.858419154875	1.85444792525	1.852607070125	1.8562035625	1.86011902325	1.857681554625	1.853558204625	1.854325711375	1.854117205375	1.85682507225	1.853813612875	1.857609224375	1.857678257125	1.857822749875	1.85748902575	1.85455916	1.860126255875	1.8565903115	1.854616148625	1.860011268625	1.857772350625	1.856904065625	1.856340168	1.851234762	1.85448536425	1.821604658625	1.8505116035
8	1.85008633475	1.825611325625	1.856514539375	1.862061054625	1.863753075875	1.860392377	1.853025237875	1.8546413535	1.8577536125	1.857243258625	1.8581048605	1.8550541845	1.855260448	1.853284812125	1.855213143625	1.85605655925	1.857002308625	1.855952617	1.857254439125	1.85673856275	1.857369593875	1.848873627125	1.8523026395	1.858029944875	1.8599754025	1.86159477425	1.857462347875	1.852106109375	1.854038677375	1.822857038	1.849377273625
9	1.854180908	1.826244961875	1.857249871875	1.8526686	1.85662344375	1.856472399625	1.85533893125	1.856181927	1.854956645625	1.859077423875	1.857651022125	1.852954010125	1.85797183525	1.861118925375	1.858983315375	1.855931815375	1.85826389275	1.858035857375	1.85765600475	1.85243401125	1.85706319225	1.853321521	1.85638323675	1.857477713875	1.859467905125	1.859146775125	1.855366236625	1.85334873375	1.85372056675	1.82518767025	1.847019894875
10	1.856530744	1.829732904	1.85972354275	1.8547520845	1.852734470375	1.8573728315	1.8587729165	1.85891189775	1.855777124125	1.8600803815	1.855708669875	1.857862804	1.858021124	1.860329037125	1.86045668125	1.858923178625	1.85894462625	1.85876089725	1.857277623375	1.85694327825	1.86233204975	1.858495588375	1.85434421875	1.85364344225	1.856124225	1.858290563	1.859087328625	1.852838235625	1.856023096125	1.82444823675	1.851307403875
11	1.85093173425	1.82679551675	1.85664513375	1.854739196125	1.8542218035	1.8544844335	1.84956207925	1.852352636125	1.8572222245	1.859826963375	1.856770969875	1.85702764025	1.856160742625	1.854670642	1.8569971415	1.855312616	1.857998219	1.859743394	1.857885945875	1.858009064375	1.8596776205	1.862110180875	1.858331310875	1.8573465565	1.856226459125	1.856271201625	1.853995465125	1.85444561525	1.85396003525	1.822553703	1.851714247125
12	1.849580236625	1.82628298275	1.858286541	1.855494371875	1.856531357625	1.8578336835	1.857363954875	1.85689181325	1.859056156625	1.857462723875	1.856184281875	1.85711988375	1.860517832	1.85820589375	1.85988841825	1.857099304875	1.85531513125	1.855974441	1.85473308025	1.85844902725	1.85688405425	1.859014858125	1.854412705875	1.8554876015	1.852859535875	1.85537442475	1.85645885375	1.858842331	1.8595981915	1.823629093875	1.855721300375
13	1.851634104125	1.8267539275	1.85347817075	1.85507694775	1.85854094375	1.862332943375	1.860704867625	1.856839348	1.857322134875	1.855406530875	1.85566986475	1.859573304	1.8588454765	1.855282466375	1.853864717375	1.85532377325	1.852483201875	1.853079240625	1.857535718625	1.85851808175	1.85713879225	1.85861458125	1.85850069225	1.858482364625	1.856303076625	1.861486481625	1.861538942875	1.85471779	1.857208558125	1.824806959125	1.85335783625
14	1.849271255125	1.824935979125	1.853688533125	1.851734936875	1.853145973875	1.86077183525	1.85576974625	1.8564810505	1.8594489265	1.8569116525	1.85339098375	1.85754426825	1.85816558575	1.85646142025	1.856897075125	1.859245261625	1.85737282325	1.855444355	1.85928292525	1.859340711125	1.85751771125	1.8599147415	1.85941682	1.85543916025	1.857240814375	1.859133208625	1.858118220875	1.85094387075	1.854386941625	1.8267754075	1.849942832125
15	1.8501272135	1.825247564375	1.857398046125	1.856287600875	1.854667939125	1.857615414875	1.85399975175	1.851742433125	1.857241641	1.8578026635	1.855011545625	1.8568441415	1.85669613875	1.853620486375	1.856202325375	1.853992810125	1.8555455785	1.857432364375	1.858385599	1.85710110075	1.854087940625	1.85582133825	1.857371541125	1.854093084	1.859212681625	1.8570563485	1.85988474525	1.855354379375	1.854746703875	1.82835751675	1.849945394875
16	1.846494112375	1.829711184	1.857738438375	1.857672286875	1.85950357525	1.856102592125	1.8610749175	1.859168356375	1.86223977175	1.85503621075	1.857477589875	1.85477888325	1.858591541375	1.8552826985	1.85752831725	1.856656398	1.85608288575	1.858982588375	1.857296792375	1.853527039125	1.858510693125	1.8580444545	1.8552085445	1.852530207	1.8584208465	1.854969105125	1.857710538125	1.857898528375	1.8552553845	1.82791846975	1.84704139825
17	1.84859326425	1.82924966275	1.85472597875	1.855284257375	1.856726963625	1.853231155625	1.85654921275	1.855832454	1.856437364875	1.852009391375	1.858061103	1.85477329375	1.859377363	1.85874883625	1.855527950125	1.857317190375	1.862421956875	1.860996617	1.86027042975	1.852990352	1.85615329875	1.860834567375	1.85860052475	1.854459713	1.85750352575	1.858925141375	1.856184225	1.856348993625	1.856417981125	1.825129851375	1.848295853125
18	1.847734061375	1.82820010675	1.855592299125	1.855760258	1.85741562725	1.850993250625	1.853769603	1.85677497025	1.853796993625	1.85718505975	1.859552026375	1.85630773475	1.858308475375	1.858592552	1.85421892125	1.853600079125	1.857273682375	1.855895814625	1.8568659225	1.856095497125	1.858912648	1.862426296375	1.8556554165	1.858062576875	1.85728214625	1.86217536925	1.859217816875	1.8592870575	1.856652304375	1.827392944	1.850116850625
19	1.848552294875	1.825267075	1.85750639225	1.856330933375	1.85468341275	1.8565978485	1.85924438275	1.860259542375	1.856180695375	1.85931023825	1.85507222475	1.857673632125	1.8594840085	1.862419179375	1.857574629875	1.859236545375	1.85547581075	1.85808247475	1.859739088875	1.85711941975	1.856794643125	1.857012640625	1.8553697645	1.854267833125	1.85561267175	1.853982392125	1.853832919625	1.856277319	1.853165220375	1.826525087375	1.850775480375
20	1.850726638875	1.8251438695	1.85677459175	1.858466588875	1.859224430125	1.861309628375	1.8564198705	1.85726501325	1.8534086725	1.855001865125	1.855083586375	1.85433570625	1.857283497875	1.861617341375	1.85452857275	1.855748736	1.857844284875	1.855283374375	1.8529201685	1.85787811875	1.85541865175	1.8580999225	1.860584350375	1.858041481875	1.855233258375	1.84949715125	1.850464484	1.848806916875	1.85513690125	1.827490121125	1.851984251
21	1.850450578875	1.828856946125	1.8603290925	1.85875259725	1.863122604125	1.859340411	1.855664956	1.857856652	1.85864796275	1.85599446775	1.855950397125	1.854630808875	1.85734633825	1.856382848125	1.85376325675	1.8569269585	1.858604882625	1.859928680375	1.8568565845	1.858455014375	1.84955641475	1.854060629	1.8562414075	1.857468707875	1.858779628625	1.85427098475	1.855196909375	1.8554502805	1.855078966875	1.826731423375	1.849295042375
22	1.853363334125	1.829373664	1.861766773875	1.855749300875	1.86146543575	1.853296214625	1.853062214875	1.858210824125	1.858294049125	1.853183488	1.8570034275	1.855268553125	1.85935682925	1.857970661	1.853565584375	1.855616601375	1.859424889	1.859937193875	1.858314887	1.853216589	1.8574695375	1.859873627375	1.860392909625	1.85931003675	1.858185268	1.856107808375	1.856099958625	1.855941634	1.85799308175	1.827538355625	1.8503948875
23	1.850292460125	1.82250467775	1.857187969375	1.851033733875	1.854246278125	1.85860553125	1.857659170875	1.862647332375	1.860257785375	1.855492090625	1.857814919375	1.861361401375	1.860345792875	1.851361624875	1.858274366125	1.85829949675	1.85563553075	1.8573946545	1.857318606125	1.854680410625	1.854925016125	1.854670803625	1.855903658	1.854246890875	1.856489238	1.8596784305	1.85858504875	1.85651146525	1.85848893875	1.828297599	1.84840750225
24	1.85423254425	1.830473704875	1.8605619145	1.857431306125	1.859740832125	1.856998349375	1.85324764875	1.861060341875	1.859048538875	1.857701619875	1.85564993325	1.860243676625	1.85953165075	1.856090215625	1.856751197625	1.85524449825	1.85371356625	1.860857620375	1.85493250975	1.8571898115	1.85809384825	1.858443544375	1.85634120325	1.85643377075	1.8596445515	1.85774082325	1.854409592125	1.85668325425	1.8588030405	1.828968817625	1.850048908375
25	1.851323689	1.8241888115	1.858542178375	1.853791238	1.857692329875	1.855211151875	1.852551143875	1.854440808375	1.85802393925	1.86009036575	1.8609375175	1.86229779375	1.856355964625	1.8524652655	1.85156004675	1.85209991775	1.852015358125	1.85786729525	1.856806824	1.8541053925	1.85922307475	1.858080038625	1.854126883625	1.856439185875	1.854807836375	1.860908449625	1.85740665075	1.861182619125	1.8613773165	1.835926044625	1.855280607375
26	1.84855493425	1.821399589875	1.856442022625	1.850594359375	1.85318539575	1.852812955	1.855057162	1.856633335875	1.852867697625	1.857004430625	1.858878971625	1.856860242375	1.85424648	1.857746977625	1.855005420125	1.859183541625	1.85957974625	1.855939048625	1.858510971	1.857959472875	1.856832153875	1.857773586375	1.855034552	1.861555726375	1.8590796895	1.85753275575	1.856714067625	1.858823564	1.857103978	1.82543632475	1.8494344855
27	1.849031192625	1.821506683875	1.861238977875	1.8554589375	1.85601928325	1.8559199395	1.856047017125	1.858930175125	1.851731077375	1.85462310625	1.854661508875	1.856684608125	1.856171905	1.857862435	1.856262406	1.8545329735	1.857260415875	1.8568021755	1.855018153875	1.86022331025	1.8610918175	1.85673265675	1.8539408335	1.853886162625	1.853287967	1.857168316625	1.857281041125	1.855518610125	1.85524339975	1.82134412575	1.853671580375
28	1.842225649	1.815210131375	1.852456445125	1.84962478575	1.854748665	1.855533868875	1.855622179125	1.85293864075	1.850391344	1.857749906125	1.8582147955	1.857523003125	1.854420152	1.856159582875	1.856861061875	1.854788768625	1.857617330125	1.860267359125	1.8569035695	1.8550815965	1.85983454925	1.853029362125	1.85926156175	1.855548268375	1.853778675	1.8578516495	1.855945259375	1.853215411125	1.850741402	1.814307263625	1.844879692625
29	1.870320652375	1.81812048925	1.860829878875	1.8521078565	1.85585044	1.853523714875	1.857002526875	1.85720509775	1.854261028625	1.8551458365	1.857069960625	1.856619409	1.855133110375	1.857930113875	1.858469714875	1.859421863375	1.85913621125	1.857833738625	1.857053096375	1.8548370775	1.860132016375	1.858545314125	1.862585919375	1.854785527125	1.857696466875	1.858727768625	1.85798190325	1.851884576875	1.865002225125	1.82012730425	1.86608756025
30	1.787585600375	1.767819103625	1.816134746625	1.816566393125	1.824367574	1.82505903375	1.823658274	1.82743913825	1.8290222015	1.8299428585	1.829303677625	1.827210958375	1.824499595625	1.825791954375	1.826047205125	1.822757649125	1.824245676125	1.824875124875	1.82565759	1.82703042325	1.829164740375	1.828278386875	1.829025924125	1.821965450875	1.823608154	1.823110143125	1.825700321	1.818847008375	1.821629280875	1.769651003125	1.78505079525
31	1.93914786025	1.786712787375	1.866573426375	1.844272467	1.8511329225	1.849884220625	1.849806945	1.852508632875	1.8498640405	1.852244558125	1.84834458325	1.847624947625	1.848431279375	1.850767148625	1.8528560675	1.8499300715	1.8500170315	1.851268470375	1.848415911375	1.848926333875	1.848820692	1.852830066375	1.850456462625	1.84833699325	1.85084067	1.848314494	1.8550409605	1.84244942575	1.86408199625	1.788610997875	1.935533224
--	--	--	--	--	--	--	--	--	--	--	--	--	--	--	--	--	--	--	--	--	--	--	--	--	--	--	--	--	--	--	--
--	--	--	--	--	--	--	--	--	--	--	--	--	--	--	--	--	--	--	--	--	--	--	--	--	--	--	--	--	--	--	--
Fig3-b	--	--	--	--	--	--	--	--	--	--	--	--	--	--	--	--	--	--	--	--	--	--	--	--	--	--	--	--	--	--	--
g=0.8	odd -Z2-32x32	Plaquette	--	--	--	--	--	--	--	--	--	--	--	--	--	--	--	--	--	--	--	--	--	--	--	--	--	--	--	--	--
--	1	2	3	4	5	6	7	8	9	10	11	12	13	14	15	16	17	18	19	20	21	22	23	24	25	26	27	28	29	30	31
1	1.873241259875	1.387234532375	1.751167186625	1.528703189375	1.700780829125	1.575179142125	1.680780921375	1.590023547375	1.671963490875	1.598085406375	1.662802377875	1.60305384925	1.659496431	1.6060884345	1.662704992	1.612109455	1.658506722875	1.614178989375	1.66023891875	1.60964028625	1.659023209625	1.597722537375	1.663064375625	1.58657437125	1.680287538375	1.572674971875	1.70615834125	1.5258428575	1.752712900875	1.384917932875	1.87334812775
2	1.386609194	0.958381699125	1.253371185625	1.013905427125	1.190274781875	1.037036108625	1.15831821775	1.046857806375	1.1435841165	1.055948356125	1.1304720245	1.06303255525	1.1337597305	1.05996916925	1.125251114875	1.05201904425	1.116678371125	1.062185070625	1.128003306	1.06331035975	1.1308334925	1.05526423575	1.149964825	1.0504855405	1.159112242125	1.038071390125	1.191556271875	1.013815615	1.258947088125	0.968308201875	1.390155613875
3	1.760960181125	1.245966607	1.73862255875	1.406602810375	1.705745327	1.476368433125	1.6860458725	1.50643508675	1.671863514	1.528250869375	1.657018934	1.533750691625	1.654006566375	1.541350373875	1.65315659225	1.544058324875	1.653733809125	1.537537067125	1.657256232625	1.54199640825	1.660613929625	1.53116739075	1.6710902335	1.50555254675	1.6863499425	1.476689754	1.70693274175	1.404646867625	1.738808990125	1.256963486375	1.756706656875
4	1.525330883625	1.015076398375	1.406941672	1.06542001825	1.3222283245	1.0886377085	1.28219211225	1.086784023	1.258431475375	1.09968149125	1.241596838	1.101959607125	1.229475797625	1.108714696875	1.2221282325	1.103140951875	1.224289440625	1.104956834125	1.23140827925	1.105486826625	1.24237470875	1.0960184925	1.258119431125	1.084421148875	1.28359778325	1.081766739625	1.32494970425	1.06640647575	1.40897447725	1.014603881	1.524937571625
5	1.70138033925	1.190978138375	1.7044803845	1.334036711875	1.699613342125	1.4010168865	1.68761410925	1.44210999875	1.672618088	1.465042278875	1.672261405375	1.484145050625	1.660001232625	1.490257502875	1.657103354125	1.495599359625	1.6605338935	1.49032543175	1.657970020875	1.483232469375	1.6651915035	1.467656675625	1.6764471835	1.442690563625	1.688139157375	1.397817941375	1.693928447125	1.322122519625	1.705410809875	1.186706434625	1.69908213275
6	1.571457542	1.035339748375	1.467258432	1.08298581725	1.406419476125	1.09450984425	1.34862745125	1.10145562125	1.319210697875	1.096044055625	1.289810728125	1.104277674375	1.2783956165	1.112224718375	1.2811223805	1.113777577	1.273661042	1.105013948	1.279900364	1.097498036375	1.291759725625	1.105709455625	1.32127110825	1.092688930125	1.349744860375	1.088614322	1.400586454875	1.078188278625	1.47756383075	1.039942739875	1.5733434185
7	1.68270144375	1.159365098	1.68194703975	1.27910054	1.684586849375	1.351030143625	1.6771969865	1.3915514095	1.6765047775	1.4219174255	1.66786730675	1.439561519	1.668752311125	1.44828343725	1.666648824125	1.45092991175	1.6674413205	1.44960532125	1.67404153825	1.439356794375	1.6724285215	1.418978138125	1.680307588375	1.394133215125	1.68326496175	1.345814983125	1.6808979005	1.27309674175	1.6829455705	1.15314978275	1.68013949325
8	1.59524419475	1.048227219125	1.504797131875	1.0941957885	1.4442783795	1.102177104	1.3897955095	1.09382522175	1.357688398875	1.100914030375	1.336120439375	1.0965718035	1.320700281	1.108670538125	1.316706739625	1.105344886625	1.309975275	1.106809919875	1.321653497	1.101241449125	1.32906343975	1.091700893625	1.35875139825	1.096689407625	1.400990182125	1.1000810435	1.4440432565	1.092249131	1.502733509875	1.052262821125	1.588760864625
9	1.670098627	1.145311554375	1.67376781425	1.253174751625	1.670389889125	1.3185960535	1.676915838875	1.357017201	1.671838701625	1.3878798515	1.675251847375	1.406272231125	1.671768883875	1.42019719975	1.670402786875	1.420338981125	1.672573148375	1.4129858805	1.6738422005	1.40614770725	1.670556576	1.38669078625	1.682531432	1.356145359875	1.678835339125	1.322100475375	1.6736972295	1.25257954725	1.666871576125	1.138256146125	1.669035800125
10	1.596962713625	1.050490073625	1.52249572125	1.093472325375	1.47130872975	1.105255480125	1.41693735475	1.104153390625	1.391641636875	1.10550398225	1.368425398125	1.109782589625	1.34641206175	1.1029535925	1.346397270375	1.11041735475	1.34633608925	1.108230569125	1.345983728125	1.100951066	1.36264151825	1.1039824615	1.3908255135	1.10182334025	1.42538192925	1.1062939925	1.468082614	1.101874615125	1.525058162625	1.058534883375	1.604490345375
11	1.665575036875	1.13292756075	1.66890552575	1.242323805875	1.661155285125	1.296794609375	1.667566352125	1.33345170575	1.67013911675	1.363494783625	1.671146721375	1.384992204375	1.670043623125	1.391888747625	1.671586275375	1.402228548	1.671967016625	1.392960224375	1.66614424925	1.3811655155	1.669142309	1.36201985	1.671329561875	1.33466097625	1.671764622875	1.291281389625	1.665871071375	1.233162702625	1.661065161625	1.135795742	1.666798080875
12	1.60655444525	1.059095553625	1.539211946875	1.1128036655	1.490407253875	1.114398156125	1.444675415875	1.108449754375	1.415025443	1.108615547375	1.386137480125	1.102707627625	1.373608227	1.09998686525	1.364365965	1.10686946275	1.357206218375	1.109884215125	1.367469161125	1.10167910825	1.3759022985	1.098788304125	1.413828590625	1.104582789375	1.446521077	1.10681088275	1.483859503	1.100604821375	1.5419866185	1.06582857	1.606475646125
13	1.653413942	1.12614724425	1.659306656125	1.22904482075	1.66085569475	1.281786262625	1.665675114	1.3181213545	1.66834079025	1.346283517875	1.66622187025	1.36431502475	1.66626898975	1.374258200125	1.66973844925	1.383611493125	1.672651685125	1.369270399	1.668365588625	1.368439544625	1.66821097875	1.33878945225	1.674467224625	1.319832822375	1.66787944625	1.278506643875	1.65707200625	1.227198977375	1.65569864	1.12201700325	1.65753468675
14	1.607415641	1.065195837	1.547914442125	1.1073241095	1.4982959605	1.114171368625	1.450659159375	1.106710758875	1.4243127445	1.103312103375	1.392327140375	1.100705937625	1.378367504625	1.110921278125	1.374012185375	1.096711427875	1.36895472275	1.107943134	1.380605214125	1.103030492375	1.394218260125	1.092188764	1.42426656625	1.10938489925	1.45936210425	1.111117109375	1.499104966125	1.11159016375	1.553459180375	1.06305367275	1.6089478275
15	1.658143460125	1.13134859675	1.647359532625	1.2255310885	1.66319332	1.283856265375	1.663883100375	1.315029469375	1.66850325	1.334814995125	1.670484116375	1.35613600075	1.669402641625	1.371648008875	1.669959497375	1.3718310585	1.673328572875	1.37162742375	1.669815723875	1.35249436725	1.66979178375	1.333514842625	1.670117345375	1.314854622625	1.662590868875	1.277930222375	1.66068810125	1.22170900025	1.6539771555	1.13088352225	1.657447114
16	1.611065575375	1.05976977225	1.546323535125	1.1125259205	1.502231404875	1.113857604125	1.457942867625	1.111832771875	1.425656812625	1.101722106875	1.399505446875	1.09875080025	1.391229057125	1.106484722625	1.37800009675	1.104395670625	1.381107369875	1.10232298675	1.3879113625	1.099832497375	1.410230563875	1.10351223125	1.424245957875	1.109727969	1.45429326375	1.117520844625	1.495761348875	1.10803504675	1.545366636875	1.0607023315	1.615504943
17	1.65356830275	1.132762593375	1.651463038375	1.225193455625	1.65495500425	1.27725808625	1.664230648	1.31315323475	1.67703414725	1.340383559875	1.66808478725	1.35444356175	1.665866328375	1.364219367875	1.66247902875	1.37219128725	1.6733765945	1.373547513875	1.66627611525	1.35084380425	1.67186400125	1.33543775875	1.6696479785	1.312126596375	1.665047193625	1.275085705875	1.6589843935	1.22720870375	1.64670435275	1.131921632125	1.66029461325
18	1.60872100925	1.07175292975	1.546921892	1.109240378625	1.493370549125	1.105805441375	1.459756773	1.107343003375	1.428146145	1.100125576625	1.390900446375	1.10479660025	1.380408633125	1.10066457	1.37219224625	1.101438436375	1.37373689075	1.10044539425	1.3824076505	1.107376744375	1.396214260875	1.103268517	1.420579728375	1.105020213625	1.454338045375	1.111989368	1.49785007675	1.109244800125	1.547569808375	1.065397473875	1.6108749145
19	1.6578839005	1.127451743	1.655192200875	1.236450301	1.661047351375	1.286661159875	1.669263661375	1.31544299125	1.6700556975	1.346178957875	1.668194589125	1.361920751	1.66631618475	1.371883584375	1.67259918575	1.381105767125	1.67197633825	1.37392445825	1.668361882625	1.36727878525	1.66888985525	1.34817097125	1.668134219875	1.31728634975	1.669228753875	1.278383859625	1.651964670375	1.2252560385	1.6546056575	1.131345322625	1.659559154
20	1.60558207975	1.062979514875	1.543231637875	1.107851028125	1.489070208	1.119404601125	1.445678605375	1.1083786055	1.41615900525	1.10433052575	1.38064607825	1.10394810925	1.3669768145	1.1087217655	1.363119299	1.107228800375	1.373173275125	1.104070415625	1.3728220825	1.108939757375	1.388046786875	1.102764277375	1.40992865375	1.10656081	1.43873712725	1.107091076125	1.4825200035	1.104596074625	1.543745374125	1.067321043125	1.608702046375
21	1.668686930875	1.13410265625	1.66042889925	1.23365725375	1.667371284625	1.29729448075	1.6685340645	1.329047030375	1.6752824675	1.362860936375	1.674026650375	1.38030853775	1.67154575375	1.395622924875	1.66938092275	1.397716504125	1.67449405175	1.388658566625	1.668155585125	1.387051377125	1.6684523995	1.359924349	1.669492990125	1.33650106775	1.675048537375	1.302091931125	1.663440571	1.233277127125	1.6552684455	1.12968269025	1.663593072125
22	1.60042471325	1.052115780625	1.530982715375	1.101568362125	1.470372745875	1.107630170375	1.421424676875	1.098070319	1.38385015425	1.100061860375	1.366065306	1.1028930385	1.354260389	1.094013479375	1.340362819625	1.1119546205	1.34566354075	1.1115168295	1.355021822125	1.1073521865	1.362891759625	1.10506357225	1.39102563575	1.100666143875	1.420216046875	1.101298644875	1.4693284495	1.099270082875	1.530014706125	1.0566613675	1.598964999
23	1.673214077875	1.141361457125	1.670550289625	1.252413405125	1.676226410375	1.31820864075	1.679079050375	1.35660036525	1.670351290875	1.388223028375	1.671321822375	1.412058953375	1.670817282	1.41763794325	1.673934075125	1.429606390125	1.669574942375	1.41465429075	1.6722718905	1.4103062285	1.66969972125	1.38739321125	1.67545825475	1.361178205375	1.673656373125	1.317205305375	1.675643538375	1.25085072975	1.66515066925	1.140964183	1.665543456
24	1.593823382625	1.05087136575	1.509392585875	1.091261870375	1.446412869375	1.09366676975	1.39666955325	1.103507072375	1.352639049	1.097536601875	1.33128571175	1.1010425445	1.318229071375	1.105025221375	1.31242830325	1.110088311	1.32019275775	1.107115905375	1.319573449375	1.111422325875	1.34037861675	1.107914175	1.359271883125	1.10771529175	1.39114366975	1.0847194995	1.43813566625	1.08711458225	1.50350462775	1.050108853625	1.588532918875
25	1.679956942625	1.155878649	1.682673718875	1.289853511875	1.68789221275	1.3523025675	1.686429382375	1.387026819875	1.674090341	1.42275054	1.670140981125	1.439746882375	1.661956616375	1.446065849625	1.662701541375	1.460957354625	1.668624089125	1.45423380825	1.667626646625	1.4402638015	1.670777408	1.42061447975	1.677957544875	1.391530676875	1.683192762	1.347617283	1.685333736125	1.2824068375	1.6841527025	1.157854994	1.679255222125
26	1.5734187295	1.03434660925	1.474306581375	1.08304784625	1.40230677575	1.09599071825	1.35229333675	1.095824566	1.318798211	1.10587230725	1.300237079125	1.108840262375	1.282047704375	1.110305902125	1.2709592895	1.113285274	1.27539665325	1.113446549125	1.285950604875	1.10838724325	1.29609594075	1.1028498595	1.317300653	1.09323426125	1.3514730835	1.091620980375	1.401649925	1.09145818275	1.47755375375	1.034760059	1.570278537625
27	1.70306089625	1.189802248125	1.703654606625	1.330761850625	1.69160733725	1.399918442625	1.679784824625	1.443787355625	1.66879735525	1.462218097375	1.6680833565	1.487969833125	1.66050965775	1.4866468455	1.653913814875	1.492044274875	1.658584252875	1.497238568625	1.655640012	1.48050285475	1.656576278	1.466636875375	1.673735067875	1.442290900875	1.686979283625	1.402330109125	1.693777308	1.3296942325	1.710229853875	1.18533377075	1.704256992125
28	1.5225567905	1.022632023125	1.40226226375	1.0667552345	1.322001044875	1.079411282125	1.28092679625	1.094501421125	1.2600370255	1.101087617875	1.23844071625	1.112757370625	1.23832889225	1.104743661125	1.218849951875	1.11103887725	1.22888059625	1.110262073	1.230018042125	1.106067370375	1.2454194985	1.09710608625	1.253874393625	1.096389133875	1.2848267475	1.08141383375	1.3325398135	1.0657772625	1.40797842775	1.012578400125	1.524331438875
29	1.75622907325	1.25484991875	1.732318238875	1.412713758625	1.70667269625	1.473322285125	1.6806191985	1.51267812125	1.672319614875	1.528354419625	1.660807494875	1.539567036625	1.6566138375	1.55052263725	1.651037373125	1.54633233525	1.657756331625	1.546159776125	1.655658158	1.53808053375	1.66390033325	1.519131775875	1.670544599	1.511438533375	1.682956755875	1.464900626	1.703353880125	1.403496054	1.737196083	1.256638088	1.755650430375
30	1.385240073125	0.9762328575	1.253281594875	1.023246248625	1.186383864125	1.03906590475	1.15643679775	1.052070824625	1.15378608075	1.060404223	1.128896420625	1.0600399155	1.13083118375	1.063820067625	1.12205595225	1.067430760625	1.129083675625	1.063048010625	1.133945869	1.052864971625	1.140811887125	1.0498241615	1.149094962	1.051628527125	1.16071507575	1.042957769375	1.187099714875	1.020980397	1.2540450425	0.972217576875	1.384307545375
31	1.8700372485	1.38393166325	1.7564745595	1.5265694235	1.700337102625	1.571217377375	1.683026818	1.582948112125	1.67001651125	1.5981390405	1.66574926075	1.607561885	1.659846060625	1.609024923625	1.654379403375	1.606880082375	1.65666144825	1.6021520395	1.66436809625	1.601969595625	1.66243805025	1.598779660125	1.66799664675	1.593318270375	1.682355113	1.571133896375	1.7032873815	1.526094814125	1.753245020625	1.391173063	1.878030191125
