odd_Z2	12x12		12x12			odd_Z2	16x16		16x16			odd_Z2	20x20		20x20			odd_Z2	24x24		24x24			odd_Z2	32x32		32x32		
g	dimerX^2	MCerror	dimerY^2	MCerror		g	dimerX^2	MCerror	dimerY^2	MCerror		g	dimerX^2	MCerror	dimerY^2	MCerror		g	dimerX^2	MCerror	dimerY^2	MCerror		g	dimerX^2	MCerror	dimerY^2	MCerror	
0	0.0336070407738207	0.00132794009516138	0.033206415823537	0.0012613581024775		0	0.0176750832731322	0.00124607108280753	0.0176607921271159	7.35248552586598E-4		0	0.0118613916714516	0.00162399101260796	0.0111273372774747	0.00142220493619588		0	0.00798756383465008	9.01915862008581E-4	0.00744083311986413	7.58545510533172E-4		0	0.00414827111519697	2.17978974456306E-4	0.00427396514308183	4.3262618843798E-4	
0.1	0.0320610760841404	3.81355972863142E-4	0.032409067374523	5.61159760351689E-4		0.1	0.0171675064719744	2.9194583344834E-4	0.0171240855989456	2.52283411792158E-4		0.1	0.0105637160856354	3.73977690281213E-4	0.010540249658939	4.18155619866452E-4		0.1	0.00722441012298675	5.08787088804766E-4	0.00729923011581513	4.6616697088045E-4		0.1	0.00387304910952391	1.92454742320047E-4	0.004101208650289	1.44439963972595E-4	
0.15	0.0325408663815445	3.49278743985749E-4	0.0323945417443707	3.68466547071858E-4		0.15	0.0170248943825035	2.71784108557531E-4	0.0171442164041226	2.17038771560658E-4		0.2	0.0105651150161759	2.75966935132478E-4	0.0105830062402685	2.35978605931549E-4		0.2	0.00711742966087348	2.2417136323733E-4	0.00721012658574873	1.90041404151072E-4		0.2	0.00388263164415383	1.08106926948244E-4	0.00386852516417929	1.1080878021178E-4	
0.2	0.0327971768288872	5.30770474375747E-4	0.0326612953480684	2.61376246133253E-4		0.2	0.0172378642984228	1.58348942747196E-4	0.0172920708431944	2.39659560796087E-4		0.3	0.0112111484221756	3.48880370184376E-4	0.0110835203746996	2.25432627488746E-4		0.3	0.00743806895022928	2.58878579189436E-4	0.00753268486591731	1.89279748591722E-4		0.25	0.0039607642582254	1.32582959246921E-4	0.00395560291298009	1.35178680794234E-4	
0.25	0.0334006951398191	5.89225615100176E-4	0.0336659266967608	7.9327194755551E-4		0.25	0.0176184036341058	1.40093784562271E-4	0.017626243699397	2.2166583051322E-4		0.4	0.0131649124197919	1.31555133556161E-4	0.0130427527338842	2.08250820672265E-4		0.4	0.00873722193604714	1.03006048014271E-4	0.008740026708731	1.55154159616013E-4		0.3	0.00406089732213025	7.52313348797876E-5	0.00408775087338834	7.24519849390055E-5	
0.3	0.0354225929531493	0.00131450179667354	0.0349947598168156	0.00105120268266127		0.3	0.0182693393651275	1.39028985689789E-4	0.0183156417848422	1.63695285008386E-4		0.5	0.0186427154952302	2.0137233701729E-4	0.0187602425070911	2.84813092353487E-4		0.5	0.0122713032601763	1.76661233937034E-4	0.0123196512295898	1.7740569028397E-4		0.4	0.00474087852781219	9.26546999941127E-5	0.00470167814173382	6.48190313515216E-5	
0.35	0.0376084927904628	7.82076897551411E-4	0.0385625357049166	7.87785282613883E-4		0.35	0.0195648340791852	1.84503262836886E-4	0.0196295317380853	1.32751287761454E-4		0.55	0.0254964935908181	2.45307981860227E-4	0.025793874702162	4.03219774862087E-4		0.55	0.0164831991938024	2.87248888026252E-4	0.016675596465595	2.74321026731129E-4		0.5	0.00655240840086028	7.62476084160061E-5	0.0066126978740615	6.45274355841507E-5	
0.4	0.0418533141586844	6.29293561378912E-4	0.0424639597778523	6.94274577138381E-4		0.4	0.0217826004780302	1.78958012211948E-4	0.0217287333817307	1.81956537124578E-4		0.6	0.04111373106824	4.87511238107183E-4	0.0411931108356186	5.07609336913869E-4		0.6	0.0282700627928745	4.11636172579252E-4	0.0285163093091727	3.91755895755029E-4		0.55	0.00888734143153437	9.32972410695141E-5	0.00901909414589273	7.55084160541612E-5	
0.45	0.0494272031294757	7.18558697934865E-4	0.0497580364321576	7.56983564079642E-4		0.45	0.0251792848324099	1.84398033514476E-4	0.0253132327207887	1.16852533209133E-4		0.62	0.0511625412186898	5.10495422545587E-4	0.0510753658741123	7.95525516563991E-4		0.62	0.0368630268244862	4.23377025306232E-4	0.0370284383879229	4.03943134340975E-4		0.6	0.014637276113472	8.17191443846886E-5	0.0149623378560549	1.82383976794336E-4	
0.5	0.0618809990770536	4.34601419875289E-4	0.0619715269136609	7.38348273630362E-4		0.5	0.0314677068867283	2.1721247206714E-4	0.0315101003901136	2.41169337257211E-4		0.64	0.0631673488702087	7.34527393354772E-4	0.062371229937986	6.71270423184207E-4		0.64	0.0479344591883248	5.60308807879319E-4	0.048293791870417	8.22070853612964E-4		0.62	0.020505066059799	1.56074328033457E-4	0.0208424045700962	1.66196428244378E-4	
0.55	0.0830010947547509	7.00371628391264E-4	0.0837717988692671	6.05770167123444E-4		0.55	0.0431681878874285	2.02262295437002E-4	0.0432062671301374	1.62599584382684E-4		0.65	0.0695461791416504	7.23485374277733E-4	0.0690028378202509	7.74915979320689E-4		0.65	0.0540396625280836	7.14992909998248E-4	0.05448035343131	9.1638521329346E-4		0.64	0.0314789617148815	2.91230822526624E-4	0.0314053034354268	2.98999127827124E-4	
0.6	0.114922714641514	7.33733902841044E-4	0.11499579975709	6.52248500863288E-4		0.6	0.0649996102219848	2.54537922457007E-4	0.0651318144144795	2.67104179964167E-4		0.66	0.0761044018588111	7.75025133929086E-4	0.0760521533313228	7.21867600022857E-4		0.66	0.0600085935902953	5.8952795748451E-4	0.0609154922450195	9.46513136563284E-4		0.65	0.0372781878578047	2.8065075111638E-4	0.0379374037829429	2.09801838542445E-4	
0.62	0.128180222168747	0.0016964759740273	0.128566834024339	0.00166021542044184		0.62	0.0766268533984993	6.96623518350107E-4	0.0765556159288629	5.97700959044944E-4		0.68	0.0893961933005035	6.65636810280457E-4	0.0892911010161369	8.009095009342E-4		0.68	0.073533877576929	8.33240508090201E-4	0.0738138700402422	8.78863240315819E-4		0.66	0.0433947221721752	1.56428609576194E-4	0.0428914026877451	3.39971325002556E-4	
0.64	0.143625942299406	0.00165503495219659	0.14353704877844	0.00176589086063159		0.64	0.0896393168889382	0.00102660183661009	0.089186291980837	7.9523309796154E-4		0.7	0.102909405373162	7.05781838553308E-4	0.103037940766001	0.00106535970502014		0.7	0.086991103906433	6.03110004204788E-4	0.0864111325501976	7.21704189409155E-4		0.68	0.0554510807339716	1.04238566619194E-4	0.0542900868530398	2.03788155784413E-4	
0.65	0.15301130306314	4.91514773738499E-4	0.153197326520974	0.00118478148590074		0.65	0.0969695196426344	3.6141243214663E-4	0.097384281521567	3.45174040060107E-4		0.75	0.135533701612354	0.00145948855217265	0.13581447868456	0.00106624673600925		0.75	0.118103847851063	0.00163973555159882	0.117464153424953	0.00172264454751283		0.7	0.0680339139046755	4.07227235545963E-4	0.067340892907738	2.31493348958937E-4	
0.66	0.15969452686282	0.00163662105921728	0.15869231773352	0.00178616515934238		0.66	0.103977795487103	6.998877671184E-4	0.1036248478293	0.00100536813117872		0.8	0.165818363372933	0.00117628504841922	0.165880360874963	0.00147202219591709		0.8	0.14797481578214	0.00125072574219583	0.147178361642057	0.0012342050885651		0.75	0.0982554730914647	4.03544073472203E-4	0.0968280171076	5.46618714574632E-4	
0.68	0.172741562350717	0.00225750184173407	0.172663371605911	0.00151965961821037		0.68	0.118253952033903	9.80000766107137E-4	0.11763054015252	0.00108487558494272		0.85	0.193446358722973	9.22800662565403E-4	0.192838974266986	0.00127276527288619		0.85	0.173399330555223	0.00156170574135352	0.17433953724833	0.00147321401158911		0.8	0.125722260908616	6.75194841707493E-4	0.124316844392396	6.31945045193291E-4	
0.7	0.188390888651072	0.00170657991525887	0.190114731797096	0.00235459739432589		0.7	0.132635291928467	3.05887482743131E-4	0.133050980294307	3.63082832925325E-4		0.9	0.21822199570837	0.00163093045251158	0.218275004891269	0.00135097776070755		0.9	0.198230014058879	0.00190344061715871	0.199039669561722	0.00139781673956243		0.85	0.151148570722135	5.13910899193506E-4	0.150148424884309	6.06244319727051E-4	
0.75	0.228563405818097	0.00138522187062512	0.229679081569331	0.00175590774553039		0.75	0.167355268544843	5.42718089239856E-4	0.166809424118199	5.36002149738725E-4		0.95	0.24128596555991	0.00160007387567144	0.240331818410077	0.00108439975405283		0.95	0.220575602151507	0.00156889896525631	0.220683786790453	0.00148115413862128		0.9	0.174505478488159	5.96230949844115E-4	0.17308038251809	6.42881779550967E-4	
0.8	0.262248284790705	0.00181578214551614	0.263130902110658	0.00131842315981405		0.8	0.199017337751905	5.65057579104118E-4	0.199721000207596	5.34982872669201E-4		1	0.261372582100069	0.00163985185181822	0.261615971940862	0.00224097817883224		1	0.239343574529759	0.00165253587361174	0.239047834848371	7.61027464795048E-4		0.95	0.194545135289865	8.76007229713978E-4	0.194171359563796	8.8646576326635E-4	
0.85	0.293130673644118	0.00201946032574443	0.294218972849674	0.00146032060981284		0.85	0.226578727976395	9.14139870666533E-4	0.225700842879492	0.00106482061860149														1	0.21416901505134	6.75861667371268E-4	0.213624050940659	9.75013389983789E-4	
0.9	0.32100070612702	0.00122175471215084	0.321981313999165	0.00162430202038269		0.9	0.251262601739988	8.51866934024219E-4	0.252368193279117	6.53415391568926E-4																			
0.95	0.344651329217979	0.00119049499928068	0.345953198917211	0.00192162501288264		0.95	0.275385125496954	0.00112644639673061	0.273813400534205	0.00173779225111276																			
1	0.366611971331827	0.00164524509234505	0.368644742482546	0.00144493339668489		1	0.29657470169778	4.46184343531286E-4	0.297938958427501	6.12838681977183E-4																			
